0,273
0,270
10,259
10,157
10,71
10,81
10,299
10,277
10,207
10,121
10,2
11,8
11,24
11,10
11,15
11,17
11,2
11,3
9,5
9,7
8,5
8,13
8,14
8,15
193,5
193,4
193,3
193,2
193,1
174,5
174,4
174,3
174,2
174,1
174,0
168,5
168,3
168,2
168,1
168,0
95,5
95,4
95,3
95,2
95,1
95,0
90,4
90,3
90,2
90,1
90,0
84,5
84,4
18,1
84,3
18,3
84,2
84,1
75,4
75,3
75,2
14,1
75,1
14,3
75,0
13,1
20,3
20,2
13,3
20,1
19,3
19,2
19,1
12,3
12,2
12,1
11,28
11,27
11,26
11,25
11,1
11,11
10,290
10,240
10,232
10,164
10,158
10,156
10,70
10,1
